[Paper0]
Name=Custom Size 1
DisplayName=Custom Size 1
Width=237.99799999999996
Height=172.97399999999999
MarginTop=6.3499999999999996
MarginBottom=14.224
MarginLeft=6.3499999999999996
MarginRight=6.3499999999999996
Orientation=portrait
